2 0.508929 0.732143 0.375000 0.330357
2 0.671875 0.399554 0.316964 0.236607
2 0.214286 0.669643 0.339286 0.446429
2 0.180804 0.723214 0.352679 0.357143
2 0.803571 0.468750 0.214286 0.169643
2 0.801339 0.488839 0.200893 0.236607
2 0.810268 0.254464 0.263393 0.187500
2 0.870536 0.368304 0.116071 0.040179
2 0.618304 0.131696 0.174107 0.156250
2 0.743304 0.140625 0.138393 0.129464
2 0.352679 0.174107 0.187500 0.125000
2 0.392857 0.238839 0.232143 0.165179
2 0.368304 0.395089 0.227679 0.111607
2 0.477679 0.508929 0.285714 0.187500
