2 0.383929 0.781250 0.214286 0.214286
2 0.386161 0.616071 0.263393 0.125000
2 0.502232 0.667411 0.200893 0.156250
2 0.546875 0.709821 0.209821 0.169643
2 0.404018 0.515625 0.308036 0.138393
2 0.361607 0.419643 0.232143 0.107143
2 0.339286 0.366071 0.232143 0.160714
3 0.589286 0.147321 0.187500 0.232143
3 0.424107 0.227679 0.178571 0.267857
3 0.479911 0.299107 0.200893 0.232143
3 0.566964 0.386161 0.196429 0.236607
3 0.622768 0.508929 0.174107 0.241071
3 0.687500 0.575893 0.142857 0.178571
3 0.700893 0.312500 0.196429 0.205357
