2 0.308036 0.700893 0.357143 0.446429
2 0.129464 0.796875 0.250000 0.406250
2 0.250000 0.796875 0.339286 0.406250
2 0.247768 0.631696 0.486607 0.558036
2 0.475446 0.761161 0.209821 0.415179
2 0.243304 0.426339 0.388393 0.370536
2 0.310268 0.361607 0.352679 0.392857
2 0.287946 0.216518 0.406250 0.397321
2 0.560268 0.229911 0.236607 0.254464
2 0.475446 0.191964 0.263393 0.285714
2 0.504464 0.352679 0.348214 0.267857
2 0.609375 0.191964 0.209821 0.187500
3 0.669643 0.587054 0.258929 0.334821
3 0.890625 0.486607 0.218750 0.383929
3 0.696429 0.796875 0.285714 0.406250
3 0.870536 0.834821 0.258929 0.330357
