3 0.651786 0.125000 0.178571 0.205357
3 0.642857 0.357143 0.187500 0.276786
3 0.792411 0.566964 0.191964 0.250000
3 0.689732 0.770089 0.236607 0.299107
3 0.437500 0.658482 0.250000 0.272321
3 0.517857 0.796875 0.196429 0.281250
3 0.174107 0.444196 0.205357 0.290179
3 0.415179 0.366071 0.223214 0.223214
3 0.328125 0.229911 0.218750 0.200893
3 0.392857 0.140625 0.160714 0.174107
3 0.531250 0.229911 0.187500 0.236607
3 0.455357 0.084821 0.151786 0.116071
3 0.743304 0.323661 0.156250 0.281250
3 0.537946 0.517857 0.209821 0.258929
3 0.138393 0.636161 0.232143 0.263393
3 0.343750 0.741071 0.241071 0.232143
3 0.308036 0.502232 0.241071 0.263393
