3 0.299107 0.883929 0.187500 0.151786
3 0.600446 0.901786 0.263393 0.196429
3 0.196429 0.801339 0.196429 0.183036
3 0.162946 0.669643 0.218750 0.196429
3 0.125000 0.511161 0.232143 0.200893
3 0.816964 0.783482 0.160714 0.209821
3 0.872768 0.613839 0.183036 0.138393
3 0.890625 0.446429 0.209821 0.169643
3 0.703125 0.600446 0.183036 0.200893
3 0.687500 0.718750 0.142857 0.214286
3 0.551339 0.707589 0.209821 0.183036
3 0.379464 0.770089 0.223214 0.200893
3 0.334821 0.584821 0.187500 0.187500
3 0.330357 0.444196 0.151786 0.165179
3 0.395089 0.296875 0.138393 0.191964
3 0.482143 0.479911 0.151786 0.200893
3 0.513393 0.571429 0.178571 0.151786
3 0.671875 0.444196 0.200893 0.174107
3 0.729911 0.381696 0.183036 0.156250
3 0.917411 0.292411 0.165179 0.147321
3 0.540179 0.341518 0.205357 0.147321
3 0.604911 0.223214 0.147321 0.196429
3 0.787946 0.247768 0.111607 0.200893
3 0.167411 0.281250 0.191964 0.196429
3 0.185268 0.397321 0.183036 0.125000
3 0.078125 0.136161 0.138393 0.147321
3 0.205357 0.171875 0.187500 0.156250
3 0.272321 0.294643 0.160714 0.142857
3 0.053571 0.325893 0.098214 0.187500
