3 0.524554 0.254464 0.191964 0.214286
3 0.535714 0.732143 0.205357 0.321429
3 0.765625 0.477679 0.209821 0.258929
3 0.696429 0.870536 0.276786 0.258929
3 0.883929 0.627232 0.232143 0.200893
3 0.727679 0.705357 0.214286 0.214286
3 0.897321 0.928571 0.205357 0.142857
3 0.926339 0.803571 0.147321 0.133929
3 0.741071 0.234375 0.205357 0.183036
3 0.709821 0.359375 0.178571 0.174107
3 0.341518 0.162946 0.174107 0.191964
3 0.272321 0.850446 0.294643 0.254464
3 0.104911 0.703125 0.200893 0.272321
3 0.071429 0.901786 0.133929 0.196429
3 0.361607 0.607143 0.169643 0.339286
3 0.437500 0.533482 0.178571 0.254464
3 0.618304 0.542411 0.183036 0.227679
3 0.457589 0.912946 0.218750 0.174107
3 0.214286 0.551339 0.178571 0.263393
3 0.421875 0.350446 0.165179 0.191964
3 0.265625 0.283482 0.218750 0.165179
3 0.261161 0.401786 0.174107 0.107143
3 0.542411 0.171875 0.209821 0.165179
3 0.089286 0.270089 0.169643 0.138393
3 0.113839 0.350446 0.165179 0.174107
3 0.040179 0.477679 0.071429 0.214286
3 0.104911 0.508929 0.058036 0.142857
