3 0.602679 0.714286 0.294643 0.375000
3 0.631696 0.198661 0.227679 0.343750
3 0.727679 0.392857 0.214286 0.348214
3 0.546875 0.252232 0.156250 0.343750
3 0.357143 0.796875 0.187500 0.263393
3 0.475446 0.732143 0.165179 0.258929
3 0.535714 0.555804 0.160714 0.147321
3 0.700893 0.569196 0.241071 0.308036
3 0.785714 0.283482 0.116071 0.191964
3 0.330357 0.301339 0.312500 0.352679
3 0.209821 0.611607 0.258929 0.303571
3 0.118304 0.464286 0.191964 0.205357
3 0.261161 0.470982 0.218750 0.299107
3 0.379464 0.551339 0.116071 0.156250
