3 0.191964 0.671875 0.196429 0.245536
3 0.372768 0.676339 0.183036 0.209821
3 0.316964 0.881696 0.214286 0.218750
3 0.151786 0.212054 0.169643 0.272321
3 0.279018 0.314732 0.174107 0.174107
3 0.138393 0.453125 0.214286 0.236607
3 0.323661 0.491071 0.174107 0.178571
3 0.694196 0.801339 0.218750 0.290179
3 0.502232 0.857143 0.191964 0.178571
3 0.484375 0.955357 0.191964 0.089286
3 0.560268 0.658482 0.183036 0.245536
3 0.524554 0.466518 0.191964 0.218750
3 0.703125 0.553571 0.138393 0.232143
3 0.834821 0.662946 0.169643 0.281250
3 0.854911 0.424107 0.191964 0.241071
3 0.720982 0.348214 0.174107 0.196429
3 0.772321 0.160714 0.205357 0.258929
3 0.591518 0.267857 0.174107 0.214286
3 0.433036 0.301339 0.151786 0.200893
3 0.339286 0.109375 0.178571 0.200893
3 0.479911 0.129464 0.138393 0.169643
