3 0.417411 0.258929 0.415179 0.419643
3 0.214286 0.571429 0.375000 0.366071
3 0.580357 0.667411 0.392857 0.281250
3 0.712054 0.375000 0.281250 0.223214
3 0.941964 0.368304 0.116071 0.352679
3 0.761161 0.587054 0.316964 0.316964
3 0.921875 0.709821 0.156250 0.410714
3 0.145089 0.339286 0.281250 0.330357
3 0.229911 0.091518 0.290179 0.174107
3 0.671875 0.140625 0.370536 0.263393
3 0.877232 0.078125 0.245536 0.147321
3 0.897321 0.185268 0.205357 0.200893
3 0.812500 0.857143 0.366071 0.285714
3 0.308036 0.796875 0.285714 0.200893
3 0.212054 0.892857 0.209821 0.214286
3 0.473214 0.915179 0.339286 0.169643
