3 0.486607 0.276786 0.214286 0.223214
3 0.589286 0.142857 0.196429 0.223214
3 0.707589 0.294643 0.218750 0.196429
3 0.435268 0.209821 0.191964 0.258929
3 0.560268 0.359375 0.236607 0.227679
3 0.622768 0.473214 0.191964 0.223214
3 0.674107 0.535714 0.196429 0.178571
2 0.314732 0.339286 0.156250 0.133929
2 0.341518 0.390625 0.174107 0.111607
2 0.397321 0.473214 0.303571 0.142857
2 0.377232 0.573661 0.245536 0.120536
2 0.375000 0.723214 0.196429 0.187500
2 0.497768 0.616071 0.200893 0.142857
2 0.544643 0.660714 0.187500 0.151786
