3 0.145089 0.845982 0.183036 0.254464
3 0.292411 0.899554 0.111607 0.200893
3 0.258929 0.683036 0.142857 0.285714
3 0.399554 0.814732 0.200893 0.245536
3 0.796875 0.801339 0.209821 0.343750
3 0.640625 0.372768 0.183036 0.272321
3 0.613839 0.651786 0.191964 0.312500
3 0.604911 0.785714 0.174107 0.267857
3 0.508929 0.421875 0.178571 0.290179
3 0.464286 0.553571 0.151786 0.303571
3 0.535714 0.207589 0.133929 0.191964
3 0.680804 0.218750 0.165179 0.187500
3 0.743304 0.526786 0.209821 0.276786
3 0.917411 0.647321 0.165179 0.267857
3 0.861607 0.368304 0.169643 0.174107
3 0.915179 0.466518 0.169643 0.218750
